attenuation_factors:
  free_space: 0.0000001
  lead: 104.662958772